# Name of the Graph:
G (Nodes = 100)
# Number of Nodes:
100
# Number of Edges:
1007

0:1;99;2;98;3;97;4;96;5;95;6;94;7;93;8;92;9;91;10;90
1:0;2;3;99;4;98;5;97;6;96;7;95;8;94;9;93;10;92;11;91
99:0;1;2;3;4;5;6;7;8;9;89;90;91;92;93;94;95;96;97;98
2:0;1;3;4;5;99;6;98;7;97;8;96;9;95;10;94;11;93;12;92
98:0;1;2;3;4;5;6;7;8;88;89;90;91;92;93;94;95;96;97;99
3:0;1;2;4;5;6;7;99;8;98;9;97;10;96;11;95;12;94;13;93
97:0;1;2;3;4;5;6;7;87;88;89;90;91;92;93;94;95;96;98;99
4:0;1;2;3;5;6;7;8;9;99;10;98;11;97;12;96;13;95;14;94;80
96:0;1;2;3;4;5;6;86;87;88;89;90;91;92;93;94;95;97;98;99
5:0;1;2;3;4;6;7;8;9;10;11;99;12;98;13;97;14;96;15;95
95:0;1;2;3;4;5;85;86;87;88;89;90;91;92;93;94;96;97;98;99
6:0;1;2;3;4;5;7;8;9;10;11;12;13;99;14;98;15;97;16;96
94:0;1;2;3;4;84;85;86;87;88;89;90;91;92;93;95;96;97;98;99
7:0;1;2;3;4;5;6;8;9;10;11;12;13;14;15;99;16;98;17;97
93:0;1;2;3;83;84;85;86;87;88;89;90;91;92;94;95;96;97;98;99
8:0;1;2;3;4;5;6;7;9;10;11;12;13;14;15;16;17;99;18;98;89
92:0;1;2;82;83;84;85;86;87;88;89;90;91;93;94;95;96;97;98;99
9:0;1;2;3;4;5;6;7;8;10;11;12;13;14;15;16;17;18;19;99
91:0;1;11;81;82;83;84;85;86;87;88;89;90;92;93;94;95;96;97;98;99
10:0;1;2;3;4;5;6;7;8;9;11;12;13;14;15;16;17;18;19;20
90:0;80;81;82;83;84;85;86;87;88;89;91;92;93;94;95;96;97;98;99
11:1;2;3;4;5;6;7;8;9;10;12;13;14;15;16;17;18;19;20;21;22;91
12:2;3;4;5;6;7;8;9;10;11;13;14;15;16;17;18;19;20;21;22
13:3;4;5;6;7;8;9;10;11;12;14;15;16;17;18;19;20;21;22;23
14:4;5;6;7;8;9;10;11;12;13;15;16;17;18;19;20;21;22;23;24
80:4;70;71;72;73;74;75;76;77;78;79;81;82;83;84;85;86;87;88;89;90
15:5;6;7;8;9;10;11;12;13;14;16;17;18;19;20;21;22;23;24;25
16:6;7;8;9;10;11;12;13;14;15;17;18;19;20;21;22;23;24;25;26
17:7;8;9;10;11;12;13;14;15;16;18;19;20;21;22;23;24;25;26;27
18:8;9;10;11;12;13;14;15;16;17;19;20;21;22;23;24;25;26;27;28
89:8;45;79;80;81;82;83;84;85;86;87;88;90;91;92;93;94;95;96;97;98;99
19:9;10;11;12;13;14;15;16;17;18;20;21;22;23;24;25;26;27;28;29
20:10;11;12;13;14;15;16;17;18;19;21;22;23;24;25;26;27;28;29;30
21:11;12;13;14;15;16;17;18;19;20;22;23;24;25;26;27;28;29;30;31
22:11;12;13;14;15;16;17;18;19;20;21;23;24;25;26;27;28;29;30;31;32
23:13;14;15;16;17;18;19;20;21;22;24;25;26;27;28;29;30;31;32;33
24:14;15;16;17;18;19;20;21;22;23;25;26;27;28;29;30;31;32;33;34
25:15;16;17;18;19;20;21;22;23;24;26;27;28;29;30;31;32;33;34;35
26:16;17;18;19;20;21;22;23;24;25;27;28;29;30;31;32;33;34;35;36
27:17;18;19;20;21;22;23;24;25;26;28;29;30;31;32;33;34;35;36;37
28:18;19;20;21;22;23;24;25;26;27;29;30;31;32;33;34;35;36;37;38
29:19;20;21;22;23;24;25;26;27;28;30;31;32;33;34;35;36;37;38;39
30:20;21;22;23;24;25;26;27;28;29;31;32;33;34;35;36;37;38;39;40
31:21;22;23;24;25;26;27;28;29;30;32;33;34;35;36;37;38;39;40;41
32:22;23;24;25;26;27;28;29;30;31;33;34;35;36;37;38;39;40;41;42
33:23;24;25;26;27;28;29;30;31;32;34;35;36;37;38;39;40;41;42;43;57
34:24;25;26;27;28;29;30;31;32;33;35;36;37;38;39;40;41;42;43;44
35:25;26;27;28;29;30;31;32;33;34;36;37;38;39;40;41;42;43;44;45
36:26;27;28;29;30;31;32;33;34;35;37;38;39;40;41;42;43;44;45;46
37:27;28;29;30;31;32;33;34;35;36;38;39;40;41;42;43;44;45;46;47
38:28;29;30;31;32;33;34;35;36;37;39;40;41;42;43;44;45;46;47;48
39:29;30;31;32;33;34;35;36;37;38;40;41;42;43;44;45;46;47;48;49
40:30;31;32;33;34;35;36;37;38;39;41;42;43;44;45;46;47;48;49;50
41:31;32;33;34;35;36;37;38;39;40;42;43;44;45;46;47;48;49;50;51
42:32;33;34;35;36;37;38;39;40;41;43;44;45;46;47;48;49;50;51;52
43:33;34;35;36;37;38;39;40;41;42;44;45;46;47;48;49;50;51;52;53
57:33;47;48;49;50;51;52;53;54;55;56;58;59;60;61;62;63;64;65;66;67
44:34;35;36;37;38;39;40;41;42;43;45;46;47;48;49;50;51;52;53;54
45:35;36;37;38;39;40;41;42;43;44;46;47;48;49;50;51;52;53;54;55;89
46:36;37;38;39;40;41;42;43;44;45;47;48;49;50;51;52;53;54;55;56
47:37;38;39;40;41;42;43;44;45;46;48;49;50;51;52;53;54;55;56;57
48:38;39;40;41;42;43;44;45;46;47;49;50;51;52;53;54;55;56;57;58
49:39;40;41;42;43;44;45;46;47;48;50;51;52;53;54;55;56;57;58;59
50:40;41;42;43;44;45;46;47;48;49;51;52;53;54;55;56;57;58;59;60
51:41;42;43;44;45;46;47;48;49;50;52;53;54;55;56;57;58;59;60;61
52:42;43;44;45;46;47;48;49;50;51;53;54;55;56;57;58;59;60;61;62
53:43;44;45;46;47;48;49;50;51;52;54;55;56;57;58;59;60;61;62;63
54:44;45;46;47;48;49;50;51;52;53;55;56;57;58;59;60;61;62;63;64
55:45;46;47;48;49;50;51;52;53;54;56;57;58;59;60;61;62;63;64;65
56:46;47;48;49;50;51;52;53;54;55;57;58;59;60;61;62;63;64;65;66
58:48;49;50;51;52;53;54;55;56;57;59;60;61;62;63;64;65;66;67;68
59:49;50;51;52;53;54;55;56;57;58;60;61;62;63;64;65;66;67;68;69
60:50;51;52;53;54;55;56;57;58;59;61;62;63;64;65;66;67;68;69;70
61:51;52;53;54;55;56;57;58;59;60;62;63;64;65;66;67;68;69;70;71
62:52;53;54;55;56;57;58;59;60;61;63;64;65;66;67;68;69;70;71;72
63:53;54;55;56;57;58;59;60;61;62;64;65;66;67;68;69;70;71;72;73
64:54;55;56;57;58;59;60;61;62;63;65;66;67;68;69;70;71;72;73;74
65:55;56;57;58;59;60;61;62;63;64;66;67;68;69;70;71;72;73;74;75
66:56;57;58;59;60;61;62;63;64;65;67;68;69;70;71;72;73;74;75;76
67:57;58;59;60;61;62;63;64;65;66;68;69;70;71;72;73;74;75;76;77
68:58;59;60;61;62;63;64;65;66;67;69;70;71;72;73;74;75;76;77;78
69:59;60;61;62;63;64;65;66;67;68;70;71;72;73;74;75;76;77;78;79;83
70:60;61;62;63;64;65;66;67;68;69;71;72;73;74;75;76;77;78;79;80
71:61;62;63;64;65;66;67;68;69;70;72;73;74;75;76;77;78;79;80;81
72:62;63;64;65;66;67;68;69;70;71;73;74;75;76;77;78;79;80;81;82
73:63;64;65;66;67;68;69;70;71;72;74;75;76;77;78;79;80;81;82;83
74:64;65;66;67;68;69;70;71;72;73;75;76;77;78;79;80;81;82;83;84
75:65;66;67;68;69;70;71;72;73;74;76;77;78;79;80;81;82;83;84;85
76:66;67;68;69;70;71;72;73;74;75;77;78;79;80;81;82;83;84;85;86
77:67;68;69;70;71;72;73;74;75;76;78;79;80;81;82;83;84;85;86;87
78:68;69;70;71;72;73;74;75;76;77;79;80;81;82;83;84;85;86;87;88
79:69;70;71;72;73;74;75;76;77;78;80;81;82;83;84;85;86;87;88;89
83:69;73;74;75;76;77;78;79;80;81;82;84;85;86;87;88;89;90;91;92;93
81:71;72;73;74;75;76;77;78;79;80;82;83;84;85;86;87;88;89;90;91
82:72;73;74;75;76;77;78;79;80;81;83;84;85;86;87;88;89;90;91;92
84:74;75;76;77;78;79;80;81;82;83;85;86;87;88;89;90;91;92;93;94
85:75;76;77;78;79;80;81;82;83;84;86;87;88;89;90;91;92;93;94;95
86:76;77;78;79;80;81;82;83;84;85;87;88;89;90;91;92;93;94;95;96
87:77;78;79;80;81;82;83;84;85;86;88;89;90;91;92;93;94;95;96;97
88:78;79;80;81;82;83;84;85;86;87;89;90;91;92;93;94;95;96;97;98
