link_balance_sum: 800
link_balance_mean: 100
link_balance_median: 100.0
tx_value_mean: 9.70166121421295
tx_value_median: 6.397598010534766
tx_value_sum: 970.1661214212949
